feature_id	feature_name	target_class	human_gene_symbol	validation_assay	validation_feature	group_by	group_levels	expected_positive_groups	prior_method	prior_confidence	prior_evidence	observed_adt_positive_groups	observed_validation_high_groups	adt_validation_overlap_groups	expected_adt_overlap_groups	expected_validation_overlap_groups	n_expected_groups	n_observed_adt_groups	n_observed_validation_groups	needs_llm_review	needs_manual_review	review_reason
FADT0040	mAOC-CD45RA	cd45_isoform	PTPRC	CD45isoforms	PTPRC-RA	Adult_cHSPCs_Ultima_majority_voting	B;CLP;ERYP;GMP-L;HSC_MPP;MEBEMP-L;MKP;Monocyte;NK/T	B;CLP;GMP-L;NK/T	local_marker_prior	0.95	CD45RA/PTPRC-RA is expected in lymphoid and some progenitor/myeloid populations.	B;CLP;NK/T	B;CLP;NK/T	B;CLP;NK/T	B;CLP;NK/T	B;CLP;NK/T	4	3	3	FALSE	FALSE	
FADT0041	mAOC-CD80	gene	CD80	RNA	CD80	Adult_cHSPCs_Ultima_majority_voting	B;CLP;ERYP;GMP-L;HSC_MPP;MEBEMP-L;MKP;Monocyte;NK/T		local_marker_prior:no_vote	0.95	CD80 is APC activation/co-stimulation-associated; no strict lineage prior support.	B;Monocyte;NK/T	B;MEBEMP-L;Monocyte	B;Monocyte			0	3	3	FALSE	FALSE	
FADT0042	mAOC-CD21	gene	CR2	RNA	CR2	Adult_cHSPCs_Ultima_majority_voting	B;CLP;ERYP;GMP-L;HSC_MPP;MEBEMP-L;MKP;Monocyte;NK/T	B	local_marker_prior	0.95	CD21/CR2 is a B-cell marker.	B;CLP;NK/T	B;Monocyte;NK/T	B;NK/T	B	B	1	3	3	FALSE	FALSE	
FADT0043	mAOC-CD19	gene	CD19	RNA	CD19	Adult_cHSPCs_Ultima_majority_voting	B;CLP;ERYP;GMP-L;HSC_MPP;MEBEMP-L;MKP;Monocyte;NK/T	B	local_marker_prior	0.95	CD19 is a canonical B-cell marker.	B;MEBEMP-L;Monocyte	B;CLP;NK/T	B	B	B	1	3	3	FALSE	FALSE	
FADT0046	mAOC-CD4	gene	CD4	RNA	CD4	Adult_cHSPCs_Ultima_majority_voting	B;CLP;ERYP;GMP-L;HSC_MPP;MEBEMP-L;MKP;Monocyte;NK/T	Monocyte;NK/T	local_marker_prior	0.95	CD4 is expressed by helper T cells and some monocytes.	ERYP;Monocyte;NK/T	CLP;Monocyte;NK/T	Monocyte;NK/T	Monocyte;NK/T	Monocyte;NK/T	2	3	3	FALSE	FALSE	
FADT0158	mAOC-CD27	gene	CD27	RNA	CD27	Adult_cHSPCs_Ultima_majority_voting	B;CLP;ERYP;GMP-L;HSC_MPP;MEBEMP-L;MKP;Monocyte;NK/T	B;NK/T	local_marker_prior	0.95	CD27 marks lymphoid memory/activation states.	B;MKP;NK/T	MKP;Monocyte;NK/T	MKP;NK/T	B;NK/T	NK/T	2	3	3	FALSE	FALSE	
FADT0159	mAOC-CD28	gene	CD28	RNA	CD28	Adult_cHSPCs_Ultima_majority_voting	B;CLP;ERYP;GMP-L;HSC_MPP;MEBEMP-L;MKP;Monocyte;NK/T	NK/T	local_marker_prior	0.95	CD28 is a T-cell co-stimulatory receptor.	B;Monocyte;NK/T	B;MKP;NK/T	B;NK/T	NK/T	NK/T	1	3	3	FALSE	FALSE	
FADT0160	mAOC-CD161	gene	KLRB1	RNA	KLRB1	Adult_cHSPCs_Ultima_majority_voting	B;CLP;ERYP;GMP-L;HSC_MPP;MEBEMP-L;MKP;Monocyte;NK/T	NK/T	local_marker_prior	0.95	CD161/KLRB1 is NK/T-associated.	B;Monocyte;NK/T	CLP;MKP;NK/T	NK/T	NK/T	NK/T	1	3	3	FALSE	FALSE	
FADT0161	mAOC-CD38	gene	CD38	RNA	CD38	Adult_cHSPCs_Ultima_majority_voting	B;CLP;ERYP;GMP-L;HSC_MPP;MEBEMP-L;MKP;Monocyte;NK/T	B;CLP;GMP-L;MEBEMP-L	local_marker_prior	0.95	CD38 marks lymphoid/B/plasma-like and committed progenitor compartments; it should not support primitive HSC_MPP.	ERYP;GMP-L;NK/T	ERYP;GMP-L;NK/T	ERYP;GMP-L;NK/T	GMP-L	GMP-L	4	3	3	FALSE	FALSE	
FADT0166	mAOC-CD1d	gene	CD1D	RNA	CD1D	Adult_cHSPCs_Ultima_majority_voting	B;CLP;ERYP;GMP-L;HSC_MPP;MEBEMP-L;MKP;Monocyte;NK/T		local_marker_prior:no_vote	0.95	CD1D is APC-associated and not lineage-defining for B or Monocyte.	B;Monocyte;NK/T	CLP;GMP-L;Monocyte	Monocyte			0	3	3	FALSE	FALSE	
FADT0167	mAOC-CD22	gene	CD22	RNA	CD22	Adult_cHSPCs_Ultima_majority_voting	B;CLP;ERYP;GMP-L;HSC_MPP;MEBEMP-L;MKP;Monocyte;NK/T	B	local_marker_prior	0.95	CD22 is a B-cell marker.	B;CLP;NK/T	B;CLP;NK/T	B;CLP;NK/T	B	B	1	3	3	FALSE	FALSE	
FADT0170	Tag-ALFA	gene	Tag-ALFA	RNA	Tag-ALFA	Adult_cHSPCs_Ultima_majority_voting	B;CLP;ERYP;GMP-L;HSC_MPP;MEBEMP-L;MKP;Monocyte;NK/T		llm_marker_prior:no_vote	0.95	Tag-ALFA is an engineered epitope tag and has no expected adult cHSPC lineage expression.	B;MKP;NK/T					0	3	0	FALSE	FALSE	
FADT0175	mAOC-CD340	gene	ERBB2	RNA	ERBB2	Adult_cHSPCs_Ultima_majority_voting	B;CLP;ERYP;GMP-L;HSC_MPP;MEBEMP-L;MKP;Monocyte;NK/T		llm_marker_prior:no_vote	0.90	ERBB2/CD340 is not a lineage-informative hematopoietic marker for the current adult cHSPC labels.	MKP;Monocyte;NK/T	CLP;HSC_MPP;MKP	MKP			0	3	3	FALSE	FALSE	
FADT0180	mAOC-CD86	gene	CD86	RNA	CD86	Adult_cHSPCs_Ultima_majority_voting	B;CLP;ERYP;GMP-L;HSC_MPP;MEBEMP-L;MKP;Monocyte;NK/T	B;Monocyte	llm_marker_prior	0.85	CD86 is an APC co-stimulatory marker expected mainly on B cells and monocyte/APC-like cells in this label set.	CLP;Monocyte;NK/T	B;CLP;Monocyte	CLP;Monocyte	Monocyte	B;Monocyte	2	3	3	FALSE	FALSE	
FADT0186	mAOC-CD223	gene	LAG3	RNA	LAG3	Adult_cHSPCs_Ultima_majority_voting	B;CLP;ERYP;GMP-L;HSC_MPP;MEBEMP-L;MKP;Monocyte;NK/T	NK/T	local_marker_prior	0.95	LAG3/CD223 is a T/NK exhaustion/activation marker.	CLP;Monocyte;NK/T	GMP-L;HSC_MPP;MKP		NK/T		1	3	3	FALSE	TRUE	No observed validation-high group overlaps expected prior groups.
mAOC0297	mAOC-CD100	gene	SEMA4D	RNA	SEMA4D	Adult_cHSPCs_Ultima_majority_voting	B;CLP;ERYP;GMP-L;HSC_MPP;MEBEMP-L;MKP;Monocyte;NK/T	B;NK/T	local_marker_prior	0.95	CD100/SEMA4D is lymphoid-associated.	ERYP;MEBEMP-L;MKP	CLP;GMP-L;Monocyte				2	3	3	FALSE	TRUE	No observed ADT-high group overlaps expected prior groups.
mAOC0301	mAOC-CD16	gene	FCGR3A	RNA	FCGR3A	Adult_cHSPCs_Ultima_majority_voting	B;CLP;ERYP;GMP-L;HSC_MPP;MEBEMP-L;MKP;Monocyte;NK/T	Monocyte;NK/T	local_marker_prior	0.95	CD16/FCGR3A is associated with monocytes and NK cells.	MKP;Monocyte;NK/T	MEBEMP-L;Monocyte;NK/T	Monocyte;NK/T	Monocyte;NK/T	Monocyte;NK/T	2	3	3	FALSE	FALSE	
mAOC0303	mAOC-CD56	gene	NCAM1	RNA	NCAM1	Adult_cHSPCs_Ultima_majority_voting	B;CLP;ERYP;GMP-L;HSC_MPP;MEBEMP-L;MKP;Monocyte;NK/T	NK/T	local_marker_prior	0.95	CD56/NCAM1 is a canonical NK marker.	MKP;Monocyte;NK/T	CLP;Monocyte;NK/T	Monocyte;NK/T	NK/T	NK/T	1	3	3	FALSE	FALSE	
mAOC0305	mAOC-CD8a	gene	CD8A	RNA	CD8A	Adult_cHSPCs_Ultima_majority_voting	B;CLP;ERYP;GMP-L;HSC_MPP;MEBEMP-L;MKP;Monocyte;NK/T	NK/T	local_marker_prior	0.95	CD8A is a cytotoxic T/NK-associated marker.	B;GMP-L;NK/T	GMP-L;HSC_MPP;NK/T	GMP-L;NK/T	NK/T	NK/T	1	3	3	FALSE	FALSE	
mAOC0315	mAOC-CD3	gene	CD3E	RNA	CD3E	Adult_cHSPCs_Ultima_majority_voting	B;CLP;ERYP;GMP-L;HSC_MPP;MEBEMP-L;MKP;Monocyte;NK/T	NK/T	local_marker_prior	0.95	CD3E is a canonical T-cell marker.	B;MKP;NK/T	CLP;HSC_MPP;NK/T	NK/T	NK/T	NK/T	1	3	3	FALSE	FALSE	
mAOC0319	mAOC-CD79b	gene	CD79B	RNA	CD79B	Adult_cHSPCs_Ultima_majority_voting	B;CLP;ERYP;GMP-L;HSC_MPP;MEBEMP-L;MKP;Monocyte;NK/T	B	local_marker_prior	0.95	CD79B is a B-cell receptor component.	B;Monocyte;NK/T	B;CLP;NK/T	B;NK/T	B	B	1	3	3	FALSE	FALSE	
mAOC0321	mAOC-CD57	gene	B3GAT1	RNA	B3GAT1	Adult_cHSPCs_Ultima_majority_voting	B;CLP;ERYP;GMP-L;HSC_MPP;MEBEMP-L;MKP;Monocyte;NK/T	NK/T	local_marker_prior	0.95	CD57/B3GAT1 is associated with differentiated NK/T cells.	GMP-L;MKP;Monocyte	HSC_MPP;MEBEMP-L				1	3	2	FALSE	TRUE	No observed ADT-high group overlaps expected prior groups.
mAOC0324	mAOC-CD49d	gene	ITGA4	RNA	ITGA4	Adult_cHSPCs_Ultima_majority_voting	B;CLP;ERYP;GMP-L;HSC_MPP;MEBEMP-L;MKP;Monocyte;NK/T		local_marker_prior:no_vote	0.95	ITGA4/CD49d is broad across HSPC and immune cells; no strict lineage prior support.	MKP;Monocyte;NK/T	ERYP;GMP-L;NK/T	NK/T			0	3	3	FALSE	FALSE	
mAOC0326	mAOC-CD5	gene	CD5	RNA	CD5	Adult_cHSPCs_Ultima_majority_voting	B;CLP;ERYP;GMP-L;HSC_MPP;MEBEMP-L;MKP;Monocyte;NK/T	B;CLP;NK/T	llm_marker_prior	0.90	CD5 is T-lineage associated, can mark CLP/T-lineage tendency, and is also present on a B-cell subset.	B;CLP;NK/T	B;Monocyte;NK/T	B;NK/T	B;CLP;NK/T	B;NK/T	3	3	3	FALSE	FALSE	
mAOC0330	mAOC-CD49b	gene	ITGA2	RNA	ITGA2	Adult_cHSPCs_Ultima_majority_voting	B;CLP;ERYP;GMP-L;HSC_MPP;MEBEMP-L;MKP;Monocyte;NK/T		local_marker_prior:no_vote	0.95	ITGA2/CD49b has platelet/megakaryocyte and NK/T contexts; send to review without co-marker evidence.	B;MKP;NK/T	HSC_MPP;MEBEMP-L;MKP	MKP			0	3	3	FALSE	FALSE	
mAOC0331	mAOC-CD226	gene	CD226	RNA	CD226	Adult_cHSPCs_Ultima_majority_voting	B;CLP;ERYP;GMP-L;HSC_MPP;MEBEMP-L;MKP;Monocyte;NK/T	Monocyte;NK/T	llm_marker_prior	0.85	CD226/DNAM-1 is expected on NK/T cells and can be present on monocyte/myeloid immune cells.	MKP;Monocyte;NK/T	MKP;Monocyte;NK/T	MKP;Monocyte;NK/T	Monocyte;NK/T	Monocyte;NK/T	2	3	3	FALSE	FALSE	
mAOC0334	mAOC-CD96	gene	CD96	RNA	CD96	Adult_cHSPCs_Ultima_majority_voting	B;CLP;ERYP;GMP-L;HSC_MPP;MEBEMP-L;MKP;Monocyte;NK/T	NK/T	llm_marker_prior	0.85	CD96 is primarily a T/NK-associated immunoreceptor in this label set.	B;ERYP;MEBEMP-L	B;CLP;NK/T	B		NK/T	1	3	3	FALSE	TRUE	No observed ADT-high group overlaps LLM expected groups.
mAOC0336	mAOC-CD34	gene	CD34	RNA	CD34	Adult_cHSPCs_Ultima_majority_voting	B;CLP;ERYP;GMP-L;HSC_MPP;MEBEMP-L;MKP;Monocyte;NK/T	HSC_MPP;MEBEMP-L	local_marker_prior	0.95	CD34 is a canonical HSPC marker.	CLP;HSC_MPP;MKP	CLP;HSC_MPP;MKP	CLP;HSC_MPP;MKP	HSC_MPP	HSC_MPP	2	3	3	FALSE	FALSE	
mAOC0339	mAOC-CD133	gene	PROM1	RNA	PROM1	Adult_cHSPCs_Ultima_majority_voting	B;CLP;ERYP;GMP-L;HSC_MPP;MEBEMP-L;MKP;Monocyte;NK/T	HSC_MPP	local_marker_prior	0.95	CD133/PROM1 marks primitive progenitors.	B;ERYP;GMP-L	CLP;GMP-L;HSC_MPP	GMP-L		HSC_MPP	1	3	3	FALSE	TRUE	No observed ADT-high group overlaps expected prior groups.
mAOC0341	mAOC-HLA-DRA	gene	HLA-DRA	RNA	HLA-DRA	Adult_cHSPCs_Ultima_majority_voting	B;CLP;ERYP;GMP-L;HSC_MPP;MEBEMP-L;MKP;Monocyte;NK/T	B;Monocyte	llm_marker_prior	0.90	HLA-DRA/MHC-II is expected in antigen-presenting B and monocyte/APC-like compartments.	B;GMP-L	B;CLP;Monocyte	B	B	B;Monocyte	2	2	3	FALSE	FALSE	
mAOC0440	mAOC-CD70	gene	CD70	RNA	CD70	Adult_cHSPCs_Ultima_majority_voting	B;CLP;ERYP;GMP-L;HSC_MPP;MEBEMP-L;MKP;Monocyte;NK/T	B;NK/T	local_marker_prior	0.95	CD70 is an activation marker in lymphoid cells.	ERYP;MEBEMP-L;MKP	ERYP;HSC_MPP;MEBEMP-L	ERYP;MEBEMP-L			2	3	3	FALSE	TRUE	No observed ADT-high group overlaps expected prior groups.
mAOC0442	mAOC-CD105	gene	ENG	RNA	ENG	Adult_cHSPCs_Ultima_majority_voting	B;CLP;ERYP;GMP-L;HSC_MPP;MEBEMP-L;MKP;Monocyte;NK/T	ERYP;MEBEMP-L	local_marker_prior	0.95	ENG/CD105 is more consistent with erythroid/MEP-related progenitor context than strict HSC_MPP.	MKP;Monocyte;NK/T	CLP;HSC_MPP;Monocyte	Monocyte			2	3	3	FALSE	TRUE	No observed ADT-high group overlaps expected prior groups.
mAOC0444	mAOC-CD124	gene	IL4R	RNA	IL4R	Adult_cHSPCs_Ultima_majority_voting	B;CLP;ERYP;GMP-L;HSC_MPP;MEBEMP-L;MKP;Monocyte;NK/T	B;Monocyte	local_marker_prior	0.95	IL4R/CD124 is common on B and myeloid cells.	B;Monocyte;NK/T	B;CLP;Monocyte	B;Monocyte	B;Monocyte	B;Monocyte	2	3	3	FALSE	FALSE	
mAOC0448	mAOC-CD155	gene	PVR	RNA	PVR	Adult_cHSPCs_Ultima_majority_voting	B;CLP;ERYP;GMP-L;HSC_MPP;MEBEMP-L;MKP;Monocyte;NK/T		local_marker_prior:no_vote	0.95	PVR/CD155 is immune activation/adhesion-associated; no strict lineage prior support.	MKP;Monocyte;NK/T	GMP-L;HSC_MPP;Monocyte	Monocyte			0	3	3	FALSE	FALSE	
mAOC0450	mAOC-CD40	gene	CD40	RNA	CD40	Adult_cHSPCs_Ultima_majority_voting	B;CLP;ERYP;GMP-L;HSC_MPP;MEBEMP-L;MKP;Monocyte;NK/T	B;Monocyte	local_marker_prior	0.95	CD40 is expressed on B cells and antigen-presenting cells.	B;MKP;Monocyte	B;Monocyte;NK/T	B;Monocyte	B;Monocyte	B;Monocyte	2	3	3	FALSE	FALSE	
mAOC0451	mAOC-CD40	gene	CD40	RNA	CD40	Adult_cHSPCs_Ultima_majority_voting	B;CLP;ERYP;GMP-L;HSC_MPP;MEBEMP-L;MKP;Monocyte;NK/T	B;Monocyte	local_marker_prior	0.95	CD40 is expressed on B cells and antigen-presenting cells.	B;MKP;Monocyte	B;Monocyte;NK/T	B;Monocyte	B;Monocyte	B;Monocyte	2	3	3	FALSE	FALSE	
mAOC0452	mAOC-CD154	gene	CD40LG	RNA	CD40LG	Adult_cHSPCs_Ultima_majority_voting	B;CLP;ERYP;GMP-L;HSC_MPP;MEBEMP-L;MKP;Monocyte;NK/T	NK/T	local_marker_prior	0.95	CD40LG/CD154 is a T-cell activation marker.	MKP;Monocyte;NK/T	ERYP;MEBEMP-L;MKP	MKP	NK/T		1	3	3	FALSE	TRUE	No observed validation-high group overlaps expected prior groups.
mAOC0453	mAOC-HLA-ABC	gene	HLA-A	RNA	HLA-A	Adult_cHSPCs_Ultima_majority_voting	B;CLP;ERYP;GMP-L;HSC_MPP;MEBEMP-L;MKP;Monocyte;NK/T		local_marker_prior:no_vote	0.95	HLA-A/MHC-I is broadly expressed on nucleated cells; no strict lineage prior support.	MKP;Monocyte;NK/T	B;Monocyte;NK/T	Monocyte;NK/T			0	3	3	FALSE	FALSE	
mAOC0454	mAOC-CD123	gene	IL3RA	RNA	IL3RA	Adult_cHSPCs_Ultima_majority_voting	B;CLP;ERYP;GMP-L;HSC_MPP;MEBEMP-L;MKP;Monocyte;NK/T	CLP;GMP-L	local_marker_prior	0.95	CD123/IL3RA marks pDC/myeloid progenitor states.	CLP;GMP-L;HSC_MPP	CLP;GMP-L;HSC_MPP	CLP;GMP-L;HSC_MPP	CLP;GMP-L	CLP;GMP-L	2	3	3	FALSE	FALSE	
mAOC0455	mAOC-CD49f	gene	ITGA6	RNA	ITGA6	Adult_cHSPCs_Ultima_majority_voting	B;CLP;ERYP;GMP-L;HSC_MPP;MEBEMP-L;MKP;Monocyte;NK/T	HSC_MPP	local_marker_prior	0.95	ITGA6/CD49f is a primitive human HSC-enrichment marker; do not directly assign prior support to MEBEMP-L.	MEBEMP-L;MKP;Monocyte	HSC_MPP;MEBEMP-L;MKP	MEBEMP-L;MKP		HSC_MPP	1	3	3	FALSE	TRUE	No observed ADT-high group overlaps expected prior groups.
mAOC0459	mAOC-CD183	gene	CXCR3	RNA	CXCR3	Adult_cHSPCs_Ultima_majority_voting	B;CLP;ERYP;GMP-L;HSC_MPP;MEBEMP-L;MKP;Monocyte;NK/T	NK/T	local_marker_prior	0.95	CXCR3/CD183 is commonly enriched in activated T/NK cells.	B;Monocyte;NK/T	CLP;MEBEMP-L;NK/T	NK/T	NK/T	NK/T	1	3	3	FALSE	FALSE	
mAOC0460	mAOC-CD195	gene	CCR5	RNA	CCR5	Adult_cHSPCs_Ultima_majority_voting	B;CLP;ERYP;GMP-L;HSC_MPP;MEBEMP-L;MKP;Monocyte;NK/T	Monocyte;NK/T	local_marker_prior	0.95	CCR5 is commonly seen in T/NK and myeloid immune subsets.	MKP;Monocyte;NK/T	CLP;MKP;Monocyte	MKP;Monocyte	Monocyte;NK/T	Monocyte	2	3	3	FALSE	FALSE	
mAOC0461	mAOC-CD185	gene	CXCR5	RNA	CXCR5	Adult_cHSPCs_Ultima_majority_voting	B;CLP;ERYP;GMP-L;HSC_MPP;MEBEMP-L;MKP;Monocyte;NK/T	B;NK/T	local_marker_prior	0.95	CXCR5 supports B-cell and follicular helper T-like contexts; remove CLP direct prior support.	B;MKP;NK/T	B;CLP;MKP	B;MKP	B;NK/T	B	2	3	3	FALSE	FALSE	
mAOC0464	mAOC-CD141	gene	THBD	RNA	THBD	Adult_cHSPCs_Ultima_majority_voting	B;CLP;ERYP;GMP-L;HSC_MPP;MEBEMP-L;MKP;Monocyte;NK/T	Monocyte	llm_marker_prior	0.82	THBD/CD141 is DC/monocyte-associated; with no DC label, Monocyte is the closest current category.	MKP;Monocyte;NK/T	CLP;GMP-L;Monocyte	Monocyte	Monocyte	Monocyte	1	3	3	FALSE	FALSE	
mAOC0465	mAOC-CD58	gene	CD58	RNA	CD58	Adult_cHSPCs_Ultima_majority_voting	B;CLP;ERYP;GMP-L;HSC_MPP;MEBEMP-L;MKP;Monocyte;NK/T		local_marker_prior:no_vote	0.95	CD58 is broadly immune-associated; no strict lineage prior support.	GMP-L;MKP;NK/T	B;CLP;Monocyte				0	3	3	FALSE	FALSE	
mAOC0467	mAOC-CD24	gene	CD24	RNA	CD24	Adult_cHSPCs_Ultima_majority_voting	B;CLP;ERYP;GMP-L;HSC_MPP;MEBEMP-L;MKP;Monocyte;NK/T	B;CLP	local_marker_prior	0.95	CD24 is common on B/lymphoid progenitor populations.	B;MKP;NK/T	B;MKP;NK/T	B;MKP;NK/T	B	B	2	3	3	FALSE	FALSE	
mAOC0470	mAOC-CD192	gene	CCR2	RNA	CCR2	Adult_cHSPCs_Ultima_majority_voting	B;CLP;ERYP;GMP-L;HSC_MPP;MEBEMP-L;MKP;Monocyte;NK/T	Monocyte	local_marker_prior	0.95	CCR2 is a monocyte chemokine receptor.	B;GMP-L;NK/T	CLP;GMP-L;Monocyte	GMP-L		Monocyte	1	3	3	FALSE	TRUE	No observed ADT-high group overlaps expected prior groups.
mAOC0472	mAOC-CD163	gene	CD163	RNA	CD163	Adult_cHSPCs_Ultima_majority_voting	B;CLP;ERYP;GMP-L;HSC_MPP;MEBEMP-L;MKP;Monocyte;NK/T	Monocyte	llm_marker_prior	0.95	CD163 is a monocyte/macrophage lineage-associated marker.	B;GMP-L;Monocyte	CLP;HSC_MPP;Monocyte	Monocyte	Monocyte	Monocyte	1	3	3	FALSE	FALSE	
mAOC0473	mAOC-CD163	gene	CD163	RNA	CD163	Adult_cHSPCs_Ultima_majority_voting	B;CLP;ERYP;GMP-L;HSC_MPP;MEBEMP-L;MKP;Monocyte;NK/T	Monocyte	llm_marker_prior	0.95	CD163 is a monocyte/macrophage lineage-associated marker.	B;GMP-L;Monocyte	CLP;HSC_MPP;Monocyte	Monocyte	Monocyte	Monocyte	1	3	3	FALSE	FALSE	
mAOC0474	mAOC-CD303	gene	CLEC4C	RNA	CLEC4C	Adult_cHSPCs_Ultima_majority_voting	B;CLP;ERYP;GMP-L;HSC_MPP;MEBEMP-L;MKP;Monocyte;NK/T		local_marker_prior:no_vote	0.95	CLEC4C/CD303 is a pDC marker; current label set lacks pDC, so no lineage prior support.	ERYP;GMP-L;MKP	B;CLP;ERYP	ERYP			0	3	3	FALSE	FALSE	
mAOC0476	mAOC-CD127	gene	IL7R	RNA	IL7R	Adult_cHSPCs_Ultima_majority_voting	B;CLP;ERYP;GMP-L;HSC_MPP;MEBEMP-L;MKP;Monocyte;NK/T	CLP;NK/T	local_marker_prior	0.95	CD127/IL7R marks lymphoid progenitors and T cells.	MKP;Monocyte;NK/T	CLP;Monocyte;NK/T	Monocyte;NK/T	NK/T	CLP;NK/T	2	3	3	FALSE	FALSE	
mAOC0478	mAOC-CD93	gene	CD93	RNA	CD93	Adult_cHSPCs_Ultima_majority_voting	B;CLP;ERYP;GMP-L;HSC_MPP;MEBEMP-L;MKP;Monocyte;NK/T	HSC_MPP;Monocyte	local_marker_prior	0.95	CD93 has progenitor/myeloid/endothelial contexts; remove MKP direct prior support.	MKP;Monocyte;NK/T	CLP;GMP-L;Monocyte	Monocyte	Monocyte	Monocyte	2	3	3	FALSE	FALSE	
mAOC0479	mAOC-CD23	gene	FCER2	RNA	FCER2	Adult_cHSPCs_Ultima_majority_voting	B;CLP;ERYP;GMP-L;HSC_MPP;MEBEMP-L;MKP;Monocyte;NK/T	B	local_marker_prior	0.95	CD23/FCER2 is a B-cell marker.	ERYP;MKP;NK/T	B;GMP-L;Monocyte			B	1	3	3	FALSE	TRUE	No observed ADT-high group overlaps expected prior groups.
mAOC0481	mAOC-CD71	gene	TFRC	RNA	TFRC	Adult_cHSPCs_Ultima_majority_voting	B;CLP;ERYP;GMP-L;HSC_MPP;MEBEMP-L;MKP;Monocyte;NK/T	ERYP	local_marker_prior	0.95	TFRC/CD71 strongly supports erythroid identity in hematopoiesis; avoid broad MEBEMP-L voting unless combined with other ME markers.	ERYP;MKP;NK/T	ERYP;GMP-L;MEBEMP-L	ERYP	ERYP	ERYP	1	3	3	FALSE	FALSE	
mAOC0482	mAOC-CD7	gene	CD7	RNA	CD7	Adult_cHSPCs_Ultima_majority_voting	B;CLP;ERYP;GMP-L;HSC_MPP;MEBEMP-L;MKP;Monocyte;NK/T	CLP;NK/T	local_marker_prior	0.95	CD7 is associated with T/NK and lymphoid progenitors.	B;MKP;NK/T	CLP;ERYP;NK/T	NK/T	NK/T	CLP;NK/T	2	3	3	FALSE	FALSE	
mAOC0485	mAOC-CD25	gene	IL2RA	RNA	IL2RA	Adult_cHSPCs_Ultima_majority_voting	B;CLP;ERYP;GMP-L;HSC_MPP;MEBEMP-L;MKP;Monocyte;NK/T	CLP;NK/T	local_marker_prior	0.95	CD25/IL2RA is lymphoid activation/progenitor-associated.	MEBEMP-L;MKP;Monocyte	GMP-L;HSC_MPP;MEBEMP-L	MEBEMP-L			2	3	3	FALSE	TRUE	No observed ADT-high group overlaps expected prior groups.
mAOC0486	mAOC-CD2	gene	CD2	RNA	CD2	Adult_cHSPCs_Ultima_majority_voting	B;CLP;ERYP;GMP-L;HSC_MPP;MEBEMP-L;MKP;Monocyte;NK/T	NK/T	local_marker_prior	0.95	CD2 is a canonical T/NK marker.	B;MKP;NK/T	CLP;ERYP;NK/T	NK/T	NK/T	NK/T	1	3	3	FALSE	FALSE	
mAOC0488	mAOC-CD62L	gene	SELL	RNA	SELL	Adult_cHSPCs_Ultima_majority_voting	B;CLP;ERYP;GMP-L;HSC_MPP;MEBEMP-L;MKP;Monocyte;NK/T	B;CLP;NK/T	local_marker_prior	0.95	SELL/CD62L supports lymphoid-primed and naive lymphoid contexts; remove HSC_MPP direct prior support.	MKP;Monocyte;NK/T	CLP;HSC_MPP;NK/T	NK/T	NK/T	CLP;NK/T	3	3	3	FALSE	FALSE	
mAOC0490	mAOC-CD158a	gene	KIR2DL1	RNA	KIR2DL1	Adult_cHSPCs_Ultima_majority_voting	B;CLP;ERYP;GMP-L;HSC_MPP;MEBEMP-L;MKP;Monocyte;NK/T	NK/T	local_marker_prior	0.95	KIR2DL1/CD158a is NK-associated.	GMP-L;Monocyte;NK/T	GMP-L	GMP-L	NK/T		1	3	1	FALSE	TRUE	No observed validation-high group overlaps expected prior groups.
mAOC0492	mAOC-CD115	gene	CSF1R	RNA	CSF1R	Adult_cHSPCs_Ultima_majority_voting	B;CLP;ERYP;GMP-L;HSC_MPP;MEBEMP-L;MKP;Monocyte;NK/T	Monocyte	local_marker_prior	0.95	CSF1R/CD115 marks monocyte/macrophage lineage.	MKP;Monocyte;NK/T	CLP;GMP-L;Monocyte	Monocyte	Monocyte	Monocyte	1	3	3	FALSE	FALSE	
mAOC0496	mAOC-CD272	gene	BTLA	RNA	BTLA	Adult_cHSPCs_Ultima_majority_voting	B;CLP;ERYP;GMP-L;HSC_MPP;MEBEMP-L;MKP;Monocyte;NK/T	B;CLP;NK/T	llm_marker_prior	0.85	BTLA/CD272 is mainly lymphoid-associated and can be expected on B and T/NK-lineage contexts.	MKP;Monocyte;NK/T	B;Monocyte;NK/T	Monocyte;NK/T	NK/T	B;NK/T	3	3	3	FALSE	FALSE	
mAOC0500	mAOC-CD16a	gene	FCGR3A	RNA	FCGR3A	Adult_cHSPCs_Ultima_majority_voting	B;CLP;ERYP;GMP-L;HSC_MPP;MEBEMP-L;MKP;Monocyte;NK/T	Monocyte;NK/T	local_marker_prior	0.95	CD16/FCGR3A is associated with monocytes and NK cells.	GMP-L;MKP;Monocyte	MEBEMP-L;Monocyte;NK/T	Monocyte	Monocyte	Monocyte;NK/T	2	3	3	FALSE	FALSE	
mAOC0505	mAOC-CD35	gene	CR1	RNA	CR1	Adult_cHSPCs_Ultima_majority_voting	B;CLP;ERYP;GMP-L;HSC_MPP;MEBEMP-L;MKP;Monocyte;NK/T	B;Monocyte	local_marker_prior	0.95	CD35/CR1 is enriched on B and myeloid cells.	B;Monocyte;NK/T	B;GMP-L;Monocyte	B;Monocyte	B;Monocyte	B;Monocyte	2	3	3	FALSE	FALSE	
mAOC0506	mAOC-CD31	gene	PECAM1	RNA	PECAM1	Adult_cHSPCs_Ultima_majority_voting	B;CLP;ERYP;GMP-L;HSC_MPP;MEBEMP-L;MKP;Monocyte;NK/T		local_marker_prior:no_vote	0.95	PECAM1/CD31 is endothelial/platelet/leukocyte/progenitor-broad; no strict lineage prior support.	B;Monocyte;NK/T	CLP;HSC_MPP;MKP				0	3	3	FALSE	FALSE	
mAOC0507	mAOC-CD11c	gene	ITGAX	RNA	ITGAX	Adult_cHSPCs_Ultima_majority_voting	B;CLP;ERYP;GMP-L;HSC_MPP;MEBEMP-L;MKP;Monocyte;NK/T	Monocyte	local_marker_prior	0.95	ITGAX/CD11c supports monocyte/DC context; remove GMP-L direct prior support.	B;MKP;NK/T	CLP;GMP-L;Monocyte			Monocyte	1	3	3	FALSE	TRUE	No observed ADT-high group overlaps expected prior groups.
mAOC0508	mAOC-CD157	gene	BST1	RNA	BST1	Adult_cHSPCs_Ultima_majority_voting	B;CLP;ERYP;GMP-L;HSC_MPP;MEBEMP-L;MKP;Monocyte;NK/T	Monocyte	local_marker_prior	0.95	BST1/CD157 is myeloid/monocyte-associated in this strict prior; do not directly assign prior support to GMP-L.	MKP;Monocyte;NK/T	ERYP;MKP;Monocyte	MKP;Monocyte	Monocyte	Monocyte	1	3	3	FALSE	FALSE	
mAOC0509	mAOC-CD277	gene	BTN3A1	RNA	BTN3A1	Adult_cHSPCs_Ultima_majority_voting	B;CLP;ERYP;GMP-L;HSC_MPP;MEBEMP-L;MKP;Monocyte;NK/T		llm_marker_prior:no_vote	0.85	BTN3A1/CD277 is broadly immune-associated and not specific enough for current lineage prior assignment.	MKP;Monocyte;NK/T	B;ERYP;NK/T	NK/T			0	3	3	FALSE	FALSE	
mAOC0518-1	mAOC-ACVR2B	gene	ACVR2B	RNA	ACVR2B	Adult_cHSPCs_Ultima_majority_voting	B;CLP;ERYP;GMP-L;HSC_MPP;MEBEMP-L;MKP;Monocyte;NK/T		llm_marker_prior:no_vote	0.85	ACVR2B is not a lineage-informative adult cHSPC hematopoietic marker in the current label set.	MKP;Monocyte;NK/T	ERYP;GMP-L;MEBEMP-L				0	3	3	FALSE	FALSE	
mAOC0519-1	mAOC-CD246	gene	ALK	RNA	ALK	Adult_cHSPCs_Ultima_majority_voting	B;CLP;ERYP;GMP-L;HSC_MPP;MEBEMP-L;MKP;Monocyte;NK/T		llm_marker_prior:no_vote	0.90	ALK/CD246 is not a lineage-informative hematopoietic marker for these adult cHSPC labels.	MKP;Monocyte;NK/T	CLP;HSC_MPP;Monocyte	Monocyte			0	3	3	FALSE	FALSE	
mAOC0520	mAOC-TNFA	gene	TNF	RNA	TNF	Adult_cHSPCs_Ultima_majority_voting	B;CLP;ERYP;GMP-L;HSC_MPP;MEBEMP-L;MKP;Monocyte;NK/T	Monocyte;NK/T	llm_marker_prior	0.85	TNF is mainly an inflammatory cytokine associated with activated monocyte and T/NK immune compartments.	B;Monocyte;NK/T	CLP;Monocyte;NK/T	Monocyte;NK/T	Monocyte;NK/T	Monocyte;NK/T	2	3	3	FALSE	FALSE	
mAOC0522-1	mAOC-CD350	gene	FZD10	RNA	FZD10	Adult_cHSPCs_Ultima_majority_voting	B;CLP;ERYP;GMP-L;HSC_MPP;MEBEMP-L;MKP;Monocyte;NK/T		llm_marker_prior:no_vote	0.90	FZD10/CD350 is not a lineage-informative hematopoietic marker in the current adult cHSPC label set.	MKP;Monocyte;NK/T					0	3	0	FALSE	FALSE	
mAOC0523-1	mAOC-GLP1R	gene	GLP1R	RNA	GLP1R	Adult_cHSPCs_Ultima_majority_voting	B;CLP;ERYP;GMP-L;HSC_MPP;MEBEMP-L;MKP;Monocyte;NK/T		llm_marker_prior:no_vote	0.90	GLP1R is not a lineage-informative hematopoietic marker for these adult cHSPC labels.	B;Monocyte;NK/T	GMP-L;MEBEMP-L;MKP				0	3	3	FALSE	FALSE	
mAOC0524	mAOC-GPC2	gene	GPC2	RNA	GPC2	Adult_cHSPCs_Ultima_majority_voting	B;CLP;ERYP;GMP-L;HSC_MPP;MEBEMP-L;MKP;Monocyte;NK/T		local_marker_prior:no_vote	0.95	GPC2 is not a standard adult cHSPC lineage marker; require dataset-specific validation.	MKP;Monocyte;NK/T	B;HSC_MPP;NK/T	NK/T			0	3	3	FALSE	FALSE	
mAOC0525	mAOC-HTR2B	gene	HTR2B	RNA	HTR2B	Adult_cHSPCs_Ultima_majority_voting	B;CLP;ERYP;GMP-L;HSC_MPP;MEBEMP-L;MKP;Monocyte;NK/T		llm_marker_prior:no_vote	0.85	HTR2B is not sufficiently lineage-informative for the current adult cHSPC hematopoietic labels.	B;Monocyte;NK/T	B;MEBEMP-L;MKP	B			0	3	3	FALSE	FALSE	
mAOC0526	mAOC-CD213a2	gene	IL13RA2	RNA	IL13RA2	Adult_cHSPCs_Ultima_majority_voting	B;CLP;ERYP;GMP-L;HSC_MPP;MEBEMP-L;MKP;Monocyte;NK/T		llm_marker_prior:no_vote	0.85	IL13RA2 is not a standard lineage-informative marker for the current adult cHSPC labels.	MKP;Monocyte;NK/T	ERYP;HSC_MPP;MKP	MKP			0	3	3	FALSE	FALSE	
mAOC0527	mAOC-CD220	gene	INSR	RNA	INSR	Adult_cHSPCs_Ultima_majority_voting	B;CLP;ERYP;GMP-L;HSC_MPP;MEBEMP-L;MKP;Monocyte;NK/T		llm_marker_prior:no_vote	0.85	INSR/CD220 is broadly metabolic and not lineage-informative for the current hematopoietic labels.	B;Monocyte;NK/T	B;GMP-L;NK/T	B;NK/T			0	3	3	FALSE	FALSE	
mAOC0528	mAOC-Galectin-3	gene	LGALS3	RNA	LGALS3	Adult_cHSPCs_Ultima_majority_voting	B;CLP;ERYP;GMP-L;HSC_MPP;MEBEMP-L;MKP;Monocyte;NK/T	Monocyte	llm_marker_prior	0.90	LGALS3/Galectin-3 is expected in monocyte/macrophage-associated compartments.	MKP;Monocyte;NK/T	B;CLP;Monocyte	Monocyte	Monocyte	Monocyte	1	3	3	FALSE	FALSE	
mAOC0529	mAOC-CD257	gene	TNFSF13B	RNA	TNFSF13B	Adult_cHSPCs_Ultima_majority_voting	B;CLP;ERYP;GMP-L;HSC_MPP;MEBEMP-L;MKP;Monocyte;NK/T	Monocyte	llm_marker_prior	0.85	TNFSF13B/BAFF is mainly produced by myeloid/APC-like cells; Monocyte is the closest current label.	MKP;Monocyte;NK/T	CLP;Monocyte;NK/T	Monocyte;NK/T	Monocyte	Monocyte	1	3	3	FALSE	FALSE	
mAOC0530	mAOC-CD279	gene	PDCD1	RNA	PDCD1	Adult_cHSPCs_Ultima_majority_voting	B;CLP;ERYP;GMP-L;HSC_MPP;MEBEMP-L;MKP;Monocyte;NK/T	NK/T	local_marker_prior	0.95	PD-1/PDCD1 is a T-cell marker.	B;Monocyte;NK/T	B;ERYP;MEBEMP-L	B	NK/T		1	3	3	FALSE	TRUE	No observed validation-high group overlaps expected prior groups.
mAOC0531	mAOC-TNFSF12	gene	TNFSF12	RNA	TNFSF12	Adult_cHSPCs_Ultima_majority_voting	B;CLP;ERYP;GMP-L;HSC_MPP;MEBEMP-L;MKP;Monocyte;NK/T		llm_marker_prior:no_vote	0.82	TNFSF12/TWEAK is broad inflammatory signaling and not specific enough for current lineage prior assignment.	MKP;Monocyte;NK/T	CLP;HSC_MPP;MKP	MKP			0	3	3	FALSE	FALSE	
mAOC0532	mAOC-CD314	gene	KLRK1	RNA	KLRK1	Adult_cHSPCs_Ultima_majority_voting	B;CLP;ERYP;GMP-L;HSC_MPP;MEBEMP-L;MKP;Monocyte;NK/T	NK/T	local_marker_prior	0.95	NKG2D/KLRK1 is NK/T-associated.	MKP;Monocyte;NK/T	B;MKP;NK/T	MKP;NK/T	NK/T	NK/T	1	3	3	FALSE	FALSE	
mAOC0533	mAOC-CD274	gene	CD274	RNA	CD274	Adult_cHSPCs_Ultima_majority_voting	B;CLP;ERYP;GMP-L;HSC_MPP;MEBEMP-L;MKP;Monocyte;NK/T	Monocyte	local_marker_prior	0.95	CD274/PD-L1 is APC/myeloid activation-associated; remove GMP-L direct prior support.	MKP;Monocyte;NK/T	B;HSC_MPP;Monocyte	Monocyte	Monocyte	Monocyte	1	3	3	FALSE	FALSE	
mAOC0534	mAOC-CD64	gene	FCGR1A	RNA	FCGR1A	Adult_cHSPCs_Ultima_majority_voting	B;CLP;ERYP;GMP-L;HSC_MPP;MEBEMP-L;MKP;Monocyte;NK/T	Monocyte	local_marker_prior	0.95	FCGR1A/CD64 is monocyte/macrophage-associated; remove GMP-L direct prior support.	MKP;Monocyte;NK/T	GMP-L;HSC_MPP;MEBEMP-L		Monocyte		1	3	3	FALSE	TRUE	No observed validation-high group overlaps expected prior groups.
mAOC0540	mAOC-CD117	gene	KIT	RNA	KIT	Adult_cHSPCs_Ultima_majority_voting	B;CLP;ERYP;GMP-L;HSC_MPP;MEBEMP-L;MKP;Monocyte;NK/T	GMP-L;HSC_MPP;MEBEMP-L	local_marker_prior	0.95	KIT/CD117 marks progenitor states broadly across HSPC subsets.	MKP;Monocyte;NK/T	ERYP;GMP-L;MEBEMP-L			GMP-L;MEBEMP-L	3	3	3	FALSE	TRUE	No observed ADT-high group overlaps expected prior groups.
mAOC0541	mAOC-KLB	gene	KLB	RNA	KLB	Adult_cHSPCs_Ultima_majority_voting	B;CLP;ERYP;GMP-L;HSC_MPP;MEBEMP-L;MKP;Monocyte;NK/T		llm_marker_prior:no_vote	0.90	KLB is not a lineage-informative hematopoietic marker for adult cHSPC labels.	B;Monocyte;NK/T	B;ERYP;HSC_MPP	B			0	3	3	FALSE	FALSE	
mAOC0542	mAOC-CD107a	gene	LAMP1	RNA	LAMP1	Adult_cHSPCs_Ultima_majority_voting	B;CLP;ERYP;GMP-L;HSC_MPP;MEBEMP-L;MKP;Monocyte;NK/T		local_marker_prior:no_vote	0.95	LAMP1/CD107a marks degranulation/lysosomal activation; no strict lineage prior support.	MKP;Monocyte;NK/T	GMP-L;Monocyte;NK/T	Monocyte;NK/T			0	3	3	FALSE	FALSE	
mAOC0543	mAOC-GARP	gene	LRRC32	RNA	LRRC32	Adult_cHSPCs_Ultima_majority_voting	B;CLP;ERYP;GMP-L;HSC_MPP;MEBEMP-L;MKP;Monocyte;NK/T	NK/T	local_marker_prior	0.95	GARP/LRRC32 is associated with regulatory/activated T cells.	MKP;Monocyte;NK/T	B;HSC_MPP;MKP	MKP	NK/T		1	3	3	FALSE	TRUE	No observed validation-high group overlaps expected prior groups.
mAOC0544	mAOC-MICA	gene	MICA	RNA	MICA	Adult_cHSPCs_Ultima_majority_voting	B;CLP;ERYP;GMP-L;HSC_MPP;MEBEMP-L;MKP;Monocyte;NK/T		llm_marker_prior:no_vote	0.85	MICA is a stress ligand and is not lineage-informative for the current hematopoietic labels.	MKP;Monocyte;NK/T	GMP-L;HSC_MPP;MKP	MKP			0	3	3	FALSE	FALSE	
mAOC0545	mAOC-CD335	gene	NCR1	RNA	NCR1	Adult_cHSPCs_Ultima_majority_voting	B;CLP;ERYP;GMP-L;HSC_MPP;MEBEMP-L;MKP;Monocyte;NK/T	NK/T	local_marker_prior	0.95	CD335/NCR1 is an NK-cell marker.	MKP;Monocyte;NK/T	ERYP;Monocyte;NK/T	Monocyte;NK/T	NK/T	NK/T	1	3	3	FALSE	FALSE	
mAOC0548	mAOC-SLC40A1	gene	SLC40A1	RNA	SLC40A1	Adult_cHSPCs_Ultima_majority_voting	B;CLP;ERYP;GMP-L;HSC_MPP;MEBEMP-L;MKP;Monocyte;NK/T	ERYP;Monocyte	llm_marker_prior	0.82	SLC40A1/ferroportin is most interpretable in iron-handling erythroid and monocyte/macrophage contexts.	MKP;Monocyte;NK/T	ERYP;GMP-L;MKP	MKP	Monocyte	ERYP	2	3	3	FALSE	FALSE	
mAOC0549	mAOC-CD366	gene	HAVCR2	RNA	HAVCR2	Adult_cHSPCs_Ultima_majority_voting	B;CLP;ERYP;GMP-L;HSC_MPP;MEBEMP-L;MKP;Monocyte;NK/T		local_marker_prior:no_vote	0.95	HAVCR2/TIM-3 is activation/exhaustion/myeloid-state associated; no strict lineage prior support.	CLP;HSC_MPP;Monocyte	CLP;MEBEMP-L;Monocyte	CLP;Monocyte			0	3	3	FALSE	FALSE	
mAOC0550	mAOC-CD262	gene	TNFRSF10B	RNA	TNFRSF10B	Adult_cHSPCs_Ultima_majority_voting	B;CLP;ERYP;GMP-L;HSC_MPP;MEBEMP-L;MKP;Monocyte;NK/T		llm_marker_prior:no_vote	0.85	TNFRSF10B/DR5 is an apoptosis receptor and not lineage-informative for these cHSPC labels.	MKP;Monocyte;NK/T	CLP;HSC_MPP;Monocyte	Monocyte			0	3	3	FALSE	FALSE	
mAOC0551	mAOC-CD269	gene	TNFRSF17	RNA	TNFRSF17	Adult_cHSPCs_Ultima_majority_voting	B;CLP;ERYP;GMP-L;HSC_MPP;MEBEMP-L;MKP;Monocyte;NK/T	B	local_marker_prior	0.95	BCMA/TNFRSF17 is B-lineage/plasma-associated.	MKP;Monocyte;NK/T	B;HSC_MPP;MEBEMP-L			B	1	3	3	FALSE	TRUE	No observed ADT-high group overlaps expected prior groups.
mAOC0553	mAOC-TSHR	gene	TSHR	RNA	TSHR	Adult_cHSPCs_Ultima_majority_voting	B;CLP;ERYP;GMP-L;HSC_MPP;MEBEMP-L;MKP;Monocyte;NK/T		llm_marker_prior:no_vote	0.90	TSHR is not a hematopoietic lineage-informative marker for the current labels.	MKP;Monocyte;NK/T	GMP-L;MEBEMP-L;MKP	MKP			0	3	3	FALSE	FALSE	
mAOC0554	mAOC-CD309	gene	TNFRSF9	RNA	TNFRSF9	Adult_cHSPCs_Ultima_majority_voting	B;CLP;ERYP;GMP-L;HSC_MPP;MEBEMP-L;MKP;Monocyte;NK/T	NK/T	local_marker_prior	0.95	4-1BB/TNFRSF9 is T-cell activation-associated.	B;MKP;NK/T	MEBEMP-L;MKP;Monocyte	MKP	NK/T		1	3	3	FALSE	TRUE	No observed validation-high group overlaps expected prior groups.
mAOC0555	mAOC-VISTA	gene	VSIR	RNA	VSIR	Adult_cHSPCs_Ultima_majority_voting	B;CLP;ERYP;GMP-L;HSC_MPP;MEBEMP-L;MKP;Monocyte;NK/T	Monocyte	local_marker_prior	0.95	VISTA/VSIR is myeloid-associated.	B;Monocyte;NK/T	CLP;HSC_MPP;MEBEMP-L		Monocyte		1	3	3	FALSE	TRUE	No observed validation-high group overlaps expected prior groups.
mAOC0556	mAOC-CD197	gene	CCR7	RNA	CCR7	Adult_cHSPCs_Ultima_majority_voting	B;CLP;ERYP;GMP-L;HSC_MPP;MEBEMP-L;MKP;Monocyte;NK/T	NK/T	local_marker_prior	0.95	CCR7 is lymphoid trafficking-associated, strongest for T-cell contexts here; remove CLP direct prior support.	MKP;Monocyte;NK/T	B;CLP;NK/T	NK/T	NK/T	NK/T	1	3	3	FALSE	FALSE	
mAOC0561	mAOC-CD32b	gene	FCGR2B	RNA	FCGR2B	Adult_cHSPCs_Ultima_majority_voting	B;CLP;ERYP;GMP-L;HSC_MPP;MEBEMP-L;MKP;Monocyte;NK/T	B;Monocyte	local_marker_prior	0.95	CD32B/FCGR2B is expressed on B and myeloid cells.	MKP;Monocyte;NK/T	B;HSC_MPP;MEBEMP-L		Monocyte	B	2	3	3	FALSE	FALSE	
mAOC0562	mAOC-CD332	gene	FGFR2	RNA	FGFR2	Adult_cHSPCs_Ultima_majority_voting	B;CLP;ERYP;GMP-L;HSC_MPP;MEBEMP-L;MKP;Monocyte;NK/T		llm_marker_prior:no_vote	0.85	FGFR2/CD332 is not a standard lineage-informative marker for the current adult cHSPC labels.	B;MKP;NK/T	GMP-L;HSC_MPP;MKP	MKP			0	3	3	FALSE	FALSE	
mAOC0564	mAOC-CD338	gene	ABCG2	RNA	ABCG2	Adult_cHSPCs_Ultima_majority_voting	B;CLP;ERYP;GMP-L;HSC_MPP;MEBEMP-L;MKP;Monocyte;NK/T	HSC_MPP	local_marker_prior	0.95	Stem/progenitor-associated transporter.	MKP;Monocyte;NK/T	ERYP;MKP;NK/T	MKP;NK/T			1	3	3	FALSE	TRUE	No observed ADT-high group overlaps expected prior groups.
mAOC0567	mAOC-CD20	gene	MS4A1	RNA	MS4A1	Adult_cHSPCs_Ultima_majority_voting	B;CLP;ERYP;GMP-L;HSC_MPP;MEBEMP-L;MKP;Monocyte;NK/T	B	local_marker_prior	0.95	CD20/MS4A1 is a canonical B-cell marker.	B;Monocyte;NK/T	B;CLP;NK/T	B;NK/T	B	B	1	3	3	FALSE	FALSE	
mAOC0569	mAOC-FZD5	gene	FZD5	RNA	FZD5	Adult_cHSPCs_Ultima_majority_voting	B;CLP;ERYP;GMP-L;HSC_MPP;MEBEMP-L;MKP;Monocyte;NK/T		llm_marker_prior:no_vote	0.82	FZD5 is Wnt-signaling associated and too broad for current lineage prior assignment.	GMP-L;Monocyte;NK/T	ERYP;GMP-L;MKP	GMP-L			0	3	3	FALSE	FALSE	
mAOC0570	mAOC-GLP1R	gene	GLP1R	RNA	GLP1R	Adult_cHSPCs_Ultima_majority_voting	B;CLP;ERYP;GMP-L;HSC_MPP;MEBEMP-L;MKP;Monocyte;NK/T		llm_marker_prior:no_vote	0.90	GLP1R is not a lineage-informative hematopoietic marker for these adult cHSPC labels.	B;Monocyte;NK/T	GMP-L;MEBEMP-L;MKP				0	3	3	FALSE	FALSE	
mAOC0576	mAOC-SIGLEC15	gene	SIGLEC15	RNA	SIGLEC15	Adult_cHSPCs_Ultima_majority_voting	B;CLP;ERYP;GMP-L;HSC_MPP;MEBEMP-L;MKP;Monocyte;NK/T	Monocyte	local_marker_prior	0.95	SIGLEC15 is myeloid-associated.	B;Monocyte;NK/T	HSC_MPP;MKP;Monocyte	Monocyte	Monocyte	Monocyte	1	3	3	FALSE	FALSE	
mAOC0580	mAOC-CD202b	gene	TEK	RNA	TEK	Adult_cHSPCs_Ultima_majority_voting	B;CLP;ERYP;GMP-L;HSC_MPP;MEBEMP-L;MKP;Monocyte;NK/T		local_marker_prior:no_vote	0.95	TEK/Tie2 is endothelial/progenitor-contextual; not strict enough for HSC_MPP voting.	MKP;Monocyte;NK/T	ERYP;MEBEMP-L;MKP	MKP			0	3	3	FALSE	FALSE	
mAOC0581	mAOC-CD154	gene	CD40LG	RNA	CD40LG	Adult_cHSPCs_Ultima_majority_voting	B;CLP;ERYP;GMP-L;HSC_MPP;MEBEMP-L;MKP;Monocyte;NK/T	NK/T	local_marker_prior	0.95	CD40LG/CD154 is a T-cell activation marker.	MKP;Monocyte;NK/T	ERYP;MEBEMP-L;MKP	MKP	NK/T		1	3	3	FALSE	TRUE	No observed validation-high group overlaps expected prior groups.
mAOC0582	mAOC-CD46	gene	CD46	RNA	CD46	Adult_cHSPCs_Ultima_majority_voting	B;CLP;ERYP;GMP-L;HSC_MPP;MEBEMP-L;MKP;Monocyte;NK/T		local_marker_prior:no_vote	0.95	CD46 is broadly expressed across leukocytes; no strict lineage prior support.	ERYP;MEBEMP-L;MKP	ERYP;HSC_MPP;MKP	ERYP;MKP			0	3	3	FALSE	FALSE	
mAOC0583	mAOC-CD74	gene	CD74	RNA	CD74	Adult_cHSPCs_Ultima_majority_voting	B;CLP;ERYP;GMP-L;HSC_MPP;MEBEMP-L;MKP;Monocyte;NK/T	B;Monocyte	local_marker_prior	0.95	CD74/MHC-II invariant chain marks antigen-presenting cells.	B;CLP;Monocyte	B;CLP;HSC_MPP	B;CLP	B;Monocyte	B	2	3	3	FALSE	FALSE	
mAOC0584	mAOC-CD116	gene	CSF2RA	RNA	CSF2RA	Adult_cHSPCs_Ultima_majority_voting	B;CLP;ERYP;GMP-L;HSC_MPP;MEBEMP-L;MKP;Monocyte;NK/T	GMP-L;Monocyte	local_marker_prior	0.95	CSF2RA/CD116 is myeloid-associated.	CLP;Monocyte;NK/T	CLP;GMP-L;Monocyte	CLP;Monocyte	Monocyte	GMP-L;Monocyte	2	3	3	FALSE	FALSE	
mAOC0585	mAOC-FCER1A	gene	FCER1A	RNA	FCER1A	Adult_cHSPCs_Ultima_majority_voting	B;CLP;ERYP;GMP-L;HSC_MPP;MEBEMP-L;MKP;Monocyte;NK/T		local_marker_prior:no_vote	0.95	FCER1A is DC/basophil/mast-associated; current label set lacks a matching category.	MKP;Monocyte;NK/T	ERYP;MEBEMP-L;MKP	MKP			0	3	3	FALSE	FALSE	
mAOC0586	mAOC-CD50	gene	ICAM3	RNA	ICAM3	Adult_cHSPCs_Ultima_majority_voting	B;CLP;ERYP;GMP-L;HSC_MPP;MEBEMP-L;MKP;Monocyte;NK/T		local_marker_prior:no_vote	0.95	ICAM3/CD50 is broadly leukocyte-associated; no strict lineage prior support.	MKP;Monocyte;NK/T	CLP;HSC_MPP;MEBEMP-L				0	3	3	FALSE	FALSE	
mAOC0587	mAOC-CD210b	gene	IL10RB	RNA	IL10RB	Adult_cHSPCs_Ultima_majority_voting	B;CLP;ERYP;GMP-L;HSC_MPP;MEBEMP-L;MKP;Monocyte;NK/T		llm_marker_prior:no_vote	0.82	IL10RB is a shared cytokine receptor component and too broad for current lineage prior assignment.	MKP;Monocyte;NK/T	B;CLP;Monocyte	Monocyte			0	3	3	FALSE	FALSE	
mAOC0588	mAOC-CD218a	gene	IL18R1	RNA	IL18R1	Adult_cHSPCs_Ultima_majority_voting	B;CLP;ERYP;GMP-L;HSC_MPP;MEBEMP-L;MKP;Monocyte;NK/T	Monocyte;NK/T	llm_marker_prior	0.85	IL18R1 is expected in inflammatory monocyte and Th1/NK-like immune contexts.	MKP;Monocyte;NK/T	ERYP;GMP-L;MEBEMP-L		Monocyte;NK/T		2	3	3	FALSE	TRUE	No observed validation-high group overlaps LLM expected groups.
mAOC0589	mAOC-IL1RAP	gene	IL1RAP	RNA	IL1RAP	Adult_cHSPCs_Ultima_majority_voting	B;CLP;ERYP;GMP-L;HSC_MPP;MEBEMP-L;MKP;Monocyte;NK/T	GMP-L;HSC_MPP;MEBEMP-L	llm_marker_prior	0.78	IL1RAP is progenitor/AML-associated but not sufficiently specific across normal adult cHSPC labels.	MKP;Monocyte;NK/T	ERYP;MEBEMP-L;MKP	MKP		MEBEMP-L	3	3	3	FALSE	TRUE	LLM confidence below threshold.
mAOC0590	mAOC-CD360	gene	IL21R	RNA	IL21R	Adult_cHSPCs_Ultima_majority_voting	B;CLP;ERYP;GMP-L;HSC_MPP;MEBEMP-L;MKP;Monocyte;NK/T	B;CLP;NK/T	llm_marker_prior	0.85	IL21R/CD360 is lymphoid-associated, especially B and T/NK-lineage contexts.	B;Monocyte;NK/T	B;CLP;NK/T	B;NK/T	B;NK/T	B;CLP;NK/T	3	3	3	FALSE	FALSE	
mAOC0591	mAOC-CD85f	gene	LILRA5	RNA	LILRA5	Adult_cHSPCs_Ultima_majority_voting	B;CLP;ERYP;GMP-L;HSC_MPP;MEBEMP-L;MKP;Monocyte;NK/T	Monocyte	local_marker_prior	0.95	LILRA5/CD85f is mature myeloid-associated; remove GMP-L direct prior support.	MKP;Monocyte;NK/T	CLP;MKP;Monocyte	MKP;Monocyte	Monocyte	Monocyte	1	3	3	FALSE	FALSE	
mAOC0592	mAOC-CD85a	gene	LILRB3	RNA	LILRB3	Adult_cHSPCs_Ultima_majority_voting	B;CLP;ERYP;GMP-L;HSC_MPP;MEBEMP-L;MKP;Monocyte;NK/T	Monocyte	local_marker_prior	0.95	LILRB3/CD85a is mature myeloid-associated; remove GMP-L direct prior support.	CLP;Monocyte;NK/T	CLP;GMP-L;Monocyte	CLP;Monocyte	Monocyte	Monocyte	1	3	3	FALSE	FALSE	
mAOC0593	mAOC-CD6	gene	CD6	RNA	CD6	Adult_cHSPCs_Ultima_majority_voting	B;CLP;ERYP;GMP-L;HSC_MPP;MEBEMP-L;MKP;Monocyte;NK/T	B;CLP;NK/T	llm_marker_prior	0.88	CD6 is primarily T-lineage associated and may also occur in lymphoid progenitor or B-cell contexts.	B;Monocyte;NK/T	B;CLP;NK/T	B;NK/T	B;NK/T	B;CLP;NK/T	3	3	3	FALSE	FALSE	
mAOC0598	mAOC-CD89	gene	FCAR	RNA	FCAR	Adult_cHSPCs_Ultima_majority_voting	B;CLP;ERYP;GMP-L;HSC_MPP;MEBEMP-L;MKP;Monocyte;NK/T	Monocyte	local_marker_prior	0.95	FCAR/CD89 is mature myeloid-associated; remove GMP-L direct prior support.	MKP;Monocyte;NK/T	GMP-L;HSC_MPP;Monocyte	Monocyte	Monocyte	Monocyte	1	3	3	FALSE	FALSE	
mAOC0599	mAOC-CD23	gene	FCER2	RNA	FCER2	Adult_cHSPCs_Ultima_majority_voting	B;CLP;ERYP;GMP-L;HSC_MPP;MEBEMP-L;MKP;Monocyte;NK/T	B	local_marker_prior	0.95	CD23/FCER2 is a B-cell marker.	ERYP;MKP;NK/T	B;GMP-L;Monocyte			B	1	3	3	FALSE	TRUE	No observed ADT-high group overlaps expected prior groups.
mAOC0600	mAOC-CD316	gene	IGSF8	RNA	IGSF8	Adult_cHSPCs_Ultima_majority_voting	B;CLP;ERYP;GMP-L;HSC_MPP;MEBEMP-L;MKP;Monocyte;NK/T		local_marker_prior:no_vote	0.95	IGSF8/CD316 is broadly immune-associated; no strict lineage prior support.	MKP;Monocyte;NK/T	CLP;HSC_MPP;NK/T	NK/T			0	3	3	FALSE	FALSE	
mAOC0601	mAOC-CD126	gene	IL6R	RNA	IL6R	Adult_cHSPCs_Ultima_majority_voting	B;CLP;ERYP;GMP-L;HSC_MPP;MEBEMP-L;MKP;Monocyte;NK/T	B;Monocyte	local_marker_prior	0.95	IL6R/CD126 is monocyte/B-associated.	CLP;GMP-L;Monocyte	CLP;GMP-L;Monocyte	CLP;GMP-L;Monocyte	Monocyte	Monocyte	2	3	3	FALSE	FALSE	
mAOC0602	mAOC-CD132	gene	IL2RG	RNA	IL2RG	Adult_cHSPCs_Ultima_majority_voting	B;CLP;ERYP;GMP-L;HSC_MPP;MEBEMP-L;MKP;Monocyte;NK/T	CLP;NK/T	local_marker_prior	0.95	Common gamma chain is lymphoid-associated.	CLP;HSC_MPP;NK/T	B;CLP;NK/T	CLP;NK/T	CLP;NK/T	CLP;NK/T	2	3	3	FALSE	FALSE	
mAOC0603	mAOC-CD130	gene	IL6ST	RNA	IL6ST	Adult_cHSPCs_Ultima_majority_voting	B;CLP;ERYP;GMP-L;HSC_MPP;MEBEMP-L;MKP;Monocyte;NK/T		local_marker_prior:no_vote	0.95	IL6ST/CD130 is a broad cytokine receptor component; no strict lineage prior support.	MEBEMP-L;Monocyte;NK/T	MEBEMP-L;MKP;Monocyte	MEBEMP-L;Monocyte			0	3	3	FALSE	FALSE	
mAOC0604	mAOC-CD127	gene	IL7R	RNA	IL7R	Adult_cHSPCs_Ultima_majority_voting	B;CLP;ERYP;GMP-L;HSC_MPP;MEBEMP-L;MKP;Monocyte;NK/T	CLP;NK/T	local_marker_prior	0.95	CD127/IL7R marks lymphoid progenitors and T cells.	MKP;Monocyte;NK/T	CLP;Monocyte;NK/T	Monocyte;NK/T	NK/T	CLP;NK/T	2	3	3	FALSE	FALSE	
mAOC0605	mAOC-CD158k	gene	KIR3DL2	RNA	KIR3DL2	Adult_cHSPCs_Ultima_majority_voting	B;CLP;ERYP;GMP-L;HSC_MPP;MEBEMP-L;MKP;Monocyte;NK/T	NK/T	local_marker_prior	0.95	KIR3DL2/CD158k is NK-associated.	B;Monocyte;NK/T	GMP-L;HSC_MPP;Monocyte	Monocyte	NK/T		1	3	3	FALSE	TRUE	No observed validation-high group overlaps expected prior groups.
mAOC0606	mAOC-CD98	gene	SLC3A2	RNA	SLC3A2	Adult_cHSPCs_Ultima_majority_voting	B;CLP;ERYP;GMP-L;HSC_MPP;MEBEMP-L;MKP;Monocyte;NK/T		local_marker_prior:no_vote	0.95	SLC3A2/CD98 marks activation/proliferation; no strict lineage prior support.	ERYP;GMP-L;MKP	CLP;HSC_MPP;MKP	MKP			0	3	3	FALSE	FALSE	
mAOC0607	mAOC-TGFBR2	gene	TGFBR2	RNA	TGFBR2	Adult_cHSPCs_Ultima_majority_voting	B;CLP;ERYP;GMP-L;HSC_MPP;MEBEMP-L;MKP;Monocyte;NK/T		llm_marker_prior:no_vote	0.82	TGFBR2 is broadly signaling-associated and not specific enough for current lineage prior assignment.	B;Monocyte;NK/T	B;MEBEMP-L;NK/T	B;NK/T			0	3	3	FALSE	FALSE	
mAOC0608	mAOC-CDH8	gene	CDH8	RNA	CDH8	Adult_cHSPCs_Ultima_majority_voting	B;CLP;ERYP;GMP-L;HSC_MPP;MEBEMP-L;MKP;Monocyte;NK/T		llm_marker_prior:no_vote	0.90	CDH8 is not a hematopoietic lineage-informative marker for the current labels.	B;Monocyte;NK/T	CLP;GMP-L;HSC_MPP				0	3	3	FALSE	FALSE	
mAOC0610	mAOC-CD334	gene	FGFR4	RNA	FGFR4	Adult_cHSPCs_Ultima_majority_voting	B;CLP;ERYP;GMP-L;HSC_MPP;MEBEMP-L;MKP;Monocyte;NK/T		llm_marker_prior:no_vote	0.90	FGFR4/CD334 is not a lineage-informative hematopoietic marker for adult cHSPC labels.	MKP;Monocyte;NK/T	ERYP;MEBEMP-L;MKP	MKP			0	3	3	FALSE	FALSE	
mAOC0611	mAOC-CD166	gene	ALCAM	RNA	ALCAM	Adult_cHSPCs_Ultima_majority_voting	B;CLP;ERYP;GMP-L;HSC_MPP;MEBEMP-L;MKP;Monocyte;NK/T	HSC_MPP	local_marker_prior	0.95	ALCAM/CD166 supports primitive HSC-associated states; do not directly assign prior support to MEBEMP-L.	CLP;GMP-L;HSC_MPP	CLP;GMP-L;Monocyte	CLP;GMP-L	HSC_MPP		1	3	3	FALSE	TRUE	No observed validation-high group overlaps expected prior groups.
mAOC0613	mAOC-CD66a	gene	CEACAM1	RNA	CEACAM1	Adult_cHSPCs_Ultima_majority_voting	B;CLP;ERYP;GMP-L;HSC_MPP;MEBEMP-L;MKP;Monocyte;NK/T	Monocyte	local_marker_prior	0.95	CEACAM1/CD66a is commonly myeloid-associated.	MKP;Monocyte;NK/T	CLP;HSC_MPP;NK/T	NK/T	Monocyte		1	3	3	FALSE	TRUE	No observed validation-high group overlaps expected prior groups.
mAOC0614	mAOC-F2	gene	F2	RNA	F2	Adult_cHSPCs_Ultima_majority_voting	B;CLP;ERYP;GMP-L;HSC_MPP;MEBEMP-L;MKP;Monocyte;NK/T		llm_marker_prior:no_vote	0.90	F2/prothrombin is not a cell-lineage-informative marker for the current hematopoietic labels.	HSC_MPP;Monocyte;NK/T	GMP-L;HSC_MPP;MKP	HSC_MPP			0	3	3	FALSE	FALSE	
mAOC0615	mAOC-SIGIRR	gene	SIGIRR	RNA	SIGIRR	Adult_cHSPCs_Ultima_majority_voting	B;CLP;ERYP;GMP-L;HSC_MPP;MEBEMP-L;MKP;Monocyte;NK/T		llm_marker_prior:no_vote	0.82	SIGIRR is immune signaling-associated but not specific enough for current lineage prior assignment.	CLP;Monocyte;NK/T	ERYP;GMP-L;MEBEMP-L				0	3	3	FALSE	FALSE	
mAOC0616	mAOC-CTSS	gene	CTSS	RNA	CTSS	Adult_cHSPCs_Ultima_majority_voting	B;CLP;ERYP;GMP-L;HSC_MPP;MEBEMP-L;MKP;Monocyte;NK/T	B;Monocyte	llm_marker_prior	0.88	CTSS is antigen-processing/APC-associated and is expected in B and monocyte/APC-like compartments.	B;MKP;NK/T	B;CLP;Monocyte	B	B	B;Monocyte	2	3	3	FALSE	FALSE	
mAOC0617	mAOC-CSF3	gene	CSF3	RNA	CSF3	Adult_cHSPCs_Ultima_majority_voting	B;CLP;ERYP;GMP-L;HSC_MPP;MEBEMP-L;MKP;Monocyte;NK/T		llm_marker_prior:no_vote	0.85	CSF3/G-CSF is a soluble cytokine and not a lineage-informative cell-surface prior for these labels.	MKP;Monocyte;NK/T	HSC_MPP;MKP;Monocyte	MKP;Monocyte			0	3	3	FALSE	FALSE	
mAOC0618	mAOC-SORT1	gene	SORT1	RNA	SORT1	Adult_cHSPCs_Ultima_majority_voting	B;CLP;ERYP;GMP-L;HSC_MPP;MEBEMP-L;MKP;Monocyte;NK/T		llm_marker_prior:no_vote	0.82	SORT1 is broadly expressed and not specific enough for current lineage prior assignment.	MKP;Monocyte;NK/T	MEBEMP-L;MKP;Monocyte	MKP;Monocyte			0	3	3	FALSE	FALSE	
mAOC0619	mAOC-ROR2	gene	ROR2	RNA	ROR2	Adult_cHSPCs_Ultima_majority_voting	B;CLP;ERYP;GMP-L;HSC_MPP;MEBEMP-L;MKP;Monocyte;NK/T		llm_marker_prior:no_vote	0.85	ROR2 is Wnt/developmental signaling-associated and not lineage-informative for current cHSPC labels.	MKP;Monocyte;NK/T	ERYP;MEBEMP-L;MKP	MKP			0	3	3	FALSE	FALSE	
mAOC0629	mAOC-TSPAN8	gene	TSPAN8	RNA	TSPAN8	Adult_cHSPCs_Ultima_majority_voting	B;CLP;ERYP;GMP-L;HSC_MPP;MEBEMP-L;MKP;Monocyte;NK/T		llm_marker_prior:no_vote	0.90	TSPAN8 is epithelial-associated and not a hematopoietic lineage-informative marker.	HSC_MPP;MKP;NK/T	HSC_MPP;MEBEMP-L;MKP	HSC_MPP;MKP			0	3	3	FALSE	FALSE	
mAOC0630	mAOC-CD84	gene	CD84	RNA	CD84	Adult_cHSPCs_Ultima_majority_voting	B;CLP;ERYP;GMP-L;HSC_MPP;MEBEMP-L;MKP;Monocyte;NK/T		local_marker_prior:no_vote	0.95	CD84 is a broad SLAM-family immune marker; no strict lineage prior support.	B;MKP;Monocyte	B;MEBEMP-L;MKP	B;MKP			0	3	3	FALSE	FALSE	
mAOC363	mAOC-CD47	gene	CD47	RNA	CD47	Adult_cHSPCs_Ultima_majority_voting	B;CLP;ERYP;GMP-L;HSC_MPP;MEBEMP-L;MKP;Monocyte;NK/T		local_marker_prior:no_vote	0.95	CD47 is broadly hematopoietic; no strict lineage prior support.	MKP;Monocyte;NK/T	B;CLP;Monocyte	Monocyte			0	3	3	FALSE	FALSE	
mAOC365	mAOC-CD29	gene	ITGB1	RNA	ITGB1	Adult_cHSPCs_Ultima_majority_voting	B;CLP;ERYP;GMP-L;HSC_MPP;MEBEMP-L;MKP;Monocyte;NK/T		local_marker_prior:no_vote	0.95	ITGB1/CD29 is broadly expressed; no strict lineage prior support.	B;GMP-L;MKP	ERYP;MKP;Monocyte	MKP			0	3	3	FALSE	FALSE	
mAOC366	mAOC-CD244	gene	CD244	RNA	CD244	Adult_cHSPCs_Ultima_majority_voting	B;CLP;ERYP;GMP-L;HSC_MPP;MEBEMP-L;MKP;Monocyte;NK/T	CLP;GMP-L;HSC_MPP;NK/T	llm_marker_prior	0.82	CD244/SLAMF4 is NK/T-associated and can also mark progenitor contexts, especially MPP-like populations.	CLP;GMP-L;HSC_MPP	CLP;GMP-L;HSC_MPP	CLP;GMP-L;HSC_MPP	CLP;GMP-L;HSC_MPP	CLP;GMP-L;HSC_MPP	4	3	3	FALSE	FALSE	
mAOC373	mAOC-CD81	gene	CD81	RNA	CD81	Adult_cHSPCs_Ultima_majority_voting	B;CLP;ERYP;GMP-L;HSC_MPP;MEBEMP-L;MKP;Monocyte;NK/T		llm_marker_prior:no_vote	0.82	CD81 is broadly hematopoietic/tetraspanin-associated and not specific enough for current lineage prior assignment.	MKP;Monocyte;NK/T	GMP-L;MEBEMP-L;NK/T	NK/T			0	3	3	FALSE	FALSE	
mAOC374	mAOC-CD32	gene	FCGR2A	RNA	FCGR2A	Adult_cHSPCs_Ultima_majority_voting	B;CLP;ERYP;GMP-L;HSC_MPP;MEBEMP-L;MKP;Monocyte;NK/T	Monocyte	local_marker_prior	0.95	FCGR2A/CD32A is mature myeloid/APC-associated; remove GMP-L direct prior support.	B;MKP;NK/T	ERYP;MKP;Monocyte	MKP		Monocyte	1	3	3	FALSE	TRUE	No observed ADT-high group overlaps expected prior groups.
mAOC375	mAOC-CD162	gene	SELPLG	RNA	SELPLG	Adult_cHSPCs_Ultima_majority_voting	B;CLP;ERYP;GMP-L;HSC_MPP;MEBEMP-L;MKP;Monocyte;NK/T		llm_marker_prior:no_vote	0.85	SELPLG/CD162 is broad leukocyte adhesion-associated and not lineage-informative for these labels.	GMP-L;HSC_MPP	CLP;Monocyte;NK/T				0	2	3	FALSE	FALSE	
mAOC376	mAOC-CD357	gene	TNFRSF18	RNA	TNFRSF18	Adult_cHSPCs_Ultima_majority_voting	B;CLP;ERYP;GMP-L;HSC_MPP;MEBEMP-L;MKP;Monocyte;NK/T	NK/T	local_marker_prior	0.95	GITR/TNFRSF18 is T-cell-associated.	GMP-L;MKP;NK/T	B;CLP;HSC_MPP		NK/T		1	3	3	FALSE	TRUE	No observed validation-high group overlaps expected prior groups.
mAOC377	mAOC-CD326	gene	EPCAM	RNA	EPCAM	Adult_cHSPCs_Ultima_majority_voting	B;CLP;ERYP;GMP-L;HSC_MPP;MEBEMP-L;MKP;Monocyte;NK/T		local_marker_prior:no_vote	0.95	EPCAM is not expected in hematopoietic populations.	HSC_MPP;MEBEMP-L;Monocyte	ERYP;MEBEMP-L;MKP	MEBEMP-L			0	3	3	FALSE	FALSE	
mAOC378	mAOC-TGFBI	gene	TGFBI	RNA	TGFBI	Adult_cHSPCs_Ultima_majority_voting	B;CLP;ERYP;GMP-L;HSC_MPP;MEBEMP-L;MKP;Monocyte;NK/T		llm_marker_prior:no_vote	0.85	TGFBI is extracellular-matrix/inflammatory-context associated and not lineage-informative for current labels.	B;Monocyte;NK/T	CLP;GMP-L;Monocyte	Monocyte			0	3	3	FALSE	FALSE	
mAOC379	mAOC-CD68	gene	CD68	RNA	CD68	Adult_cHSPCs_Ultima_majority_voting	B;CLP;ERYP;GMP-L;HSC_MPP;MEBEMP-L;MKP;Monocyte;NK/T	Monocyte	local_marker_prior	0.95	CD68 is a monocyte/macrophage marker.	HSC_MPP	CLP;MKP;Monocyte			Monocyte	1	1	3	FALSE	TRUE	No observed ADT-high group overlaps expected prior groups.
mAOC381	mAOC-CD102	gene	ICAM2	RNA	ICAM2	Adult_cHSPCs_Ultima_majority_voting	B;CLP;ERYP;GMP-L;HSC_MPP;MEBEMP-L;MKP;Monocyte;NK/T	HSC_MPP	local_marker_prior	0.95	ICAM2/CD102 supports primitive/progenitor context; do not extend to MEBEMP-L without co-marker evidence.	HSC_MPP;MEBEMP-L	ERYP;MEBEMP-L;MKP	MEBEMP-L	HSC_MPP		1	2	3	FALSE	TRUE	No observed validation-high group overlaps expected prior groups.
mAOC382	mAOC-TIGIT	gene	TIGIT	RNA	TIGIT	Adult_cHSPCs_Ultima_majority_voting	B;CLP;ERYP;GMP-L;HSC_MPP;MEBEMP-L;MKP;Monocyte;NK/T	NK/T	local_marker_prior	0.95	TIGIT is a T/NK checkpoint marker.	MKP;Monocyte;NK/T	B;CLP;NK/T	NK/T	NK/T	NK/T	1	3	3	FALSE	FALSE	
mAOC383	mAOC-CD146	gene	MCAM	RNA	MCAM	Adult_cHSPCs_Ultima_majority_voting	B;CLP;ERYP;GMP-L;HSC_MPP;MEBEMP-L;MKP;Monocyte;NK/T		local_marker_prior:no_vote	0.95	MCAM/CD146 is endothelial/stromal/perivascular-contextual; not a strict hematopoietic lineage marker.	B;MKP;NK/T	CLP;HSC_MPP;MKP	MKP			0	3	3	FALSE	FALSE	
mAOC384	mAOC-CD158b2	gene	KIR2DL3	RNA	KIR2DL3	Adult_cHSPCs_Ultima_majority_voting	B;CLP;ERYP;GMP-L;HSC_MPP;MEBEMP-L;MKP;Monocyte;NK/T	NK/T	local_marker_prior	0.95	KIR2DL3/CD158b2 is NK-associated.	CLP;HSC_MPP	HSC_MPP;NK/T	HSC_MPP		NK/T	1	2	2	FALSE	TRUE	No observed ADT-high group overlaps expected prior groups.
mAOC386	mAOC-CD85j	gene	LILRB1	RNA	LILRB1	Adult_cHSPCs_Ultima_majority_voting	B;CLP;ERYP;GMP-L;HSC_MPP;MEBEMP-L;MKP;Monocyte;NK/T	Monocyte;NK/T	local_marker_prior	0.95	LILRB1/CD85j is myeloid and NK-associated.	B;HSC_MPP;MKP	B;CLP;Monocyte	B		Monocyte	2	3	3	FALSE	TRUE	No observed ADT-high group overlaps expected prior groups.
mAOC387	mAOC-CD119	gene	IFNGR1	RNA	IFNGR1	Adult_cHSPCs_Ultima_majority_voting	B;CLP;ERYP;GMP-L;HSC_MPP;MEBEMP-L;MKP;Monocyte;NK/T		llm_marker_prior:no_vote	0.82	IFNGR1/CD119 is broadly immune-responsive and not specific enough for current lineage prior assignment.	GMP-L;HSC_MPP;MEBEMP-L	B;HSC_MPP;Monocyte	HSC_MPP			0	3	3	FALSE	FALSE	
mAOC388	mAOC-CD305	gene	LAIR1	RNA	LAIR1	Adult_cHSPCs_Ultima_majority_voting	B;CLP;ERYP;GMP-L;HSC_MPP;MEBEMP-L;MKP;Monocyte;NK/T	HSC_MPP;Monocyte	llm_marker_prior	0.85	LAIR1/CD305 is hematopoietic inhibitory receptor with interpretable HSPC and monocyte expression contexts.	HSC_MPP	CLP;Monocyte;NK/T		HSC_MPP	Monocyte	2	1	3	FALSE	FALSE	
mAOC391	mAOC-CD304	gene	NRP1	RNA	NRP1	Adult_cHSPCs_Ultima_majority_voting	B;CLP;ERYP;GMP-L;HSC_MPP;MEBEMP-L;MKP;Monocyte;NK/T		local_marker_prior:no_vote	0.95	NRP1/CD304 is pDC/endothelial/progenitor-contextual; do not assign prior support to Monocyte or HSC_MPP.	HSC_MPP;MEBEMP-L;Monocyte	CLP;MEBEMP-L;Monocyte	MEBEMP-L;Monocyte			0	3	3	FALSE	FALSE	
mAOC392	mAOC-CD352	gene	SLAMF6	RNA	SLAMF6	Adult_cHSPCs_Ultima_majority_voting	B;CLP;ERYP;GMP-L;HSC_MPP;MEBEMP-L;MKP;Monocyte;NK/T	B;NK/T	local_marker_prior	0.95	CD352/SLAMF6 is lymphoid-associated.	CLP;MKP;Monocyte	B;GMP-L;NK/T			B;NK/T	2	3	3	FALSE	TRUE	No observed ADT-high group overlaps expected prior groups.
mAOC411	mAOC-CD122	gene	IL2RB	RNA	IL2RB	Adult_cHSPCs_Ultima_majority_voting	B;CLP;ERYP;GMP-L;HSC_MPP;MEBEMP-L;MKP;Monocyte;NK/T	NK/T	local_marker_prior	0.95	CD122/IL2RB is associated with NK/T cells.	CLP;Monocyte;NK/T	HSC_MPP;MKP;NK/T	NK/T	NK/T	NK/T	1	3	3	FALSE	FALSE	
mAOC413	mAOC-CD116	gene	CSF2RA	RNA	CSF2RA	Adult_cHSPCs_Ultima_majority_voting	B;CLP;ERYP;GMP-L;HSC_MPP;MEBEMP-L;MKP;Monocyte;NK/T	GMP-L;Monocyte	local_marker_prior	0.95	CSF2RA/CD116 is myeloid-associated.	CLP;Monocyte;NK/T	CLP;GMP-L;Monocyte	CLP;Monocyte	Monocyte	GMP-L;Monocyte	2	3	3	FALSE	FALSE	
mAOC415	mAOC-CD158b1	gene	KIR2DL2	RNA	KIR2DL2	Adult_cHSPCs_Ultima_majority_voting	B;CLP;ERYP;GMP-L;HSC_MPP;MEBEMP-L;MKP;Monocyte;NK/T	NK/T	llm_marker_prior	0.95	KIR2DL2/CD158b1 is an NK-cell receptor and maps to the NK/T label here.	B;Monocyte;NK/T			NK/T		1	3	0	FALSE	FALSE	
mAOC416	mAOC-CD278	gene	ICOS	RNA	ICOS	Adult_cHSPCs_Ultima_majority_voting	B;CLP;ERYP;GMP-L;HSC_MPP;MEBEMP-L;MKP;Monocyte;NK/T	NK/T	local_marker_prior	0.95	ICOS/CD278 is a T-cell activation marker.	CLP;Monocyte;NK/T	ERYP;MKP;NK/T	NK/T	NK/T	NK/T	1	3	3	FALSE	FALSE	
mAOC417	mAOC-CD18	gene	ITGB2	RNA	ITGB2	Adult_cHSPCs_Ultima_majority_voting	B;CLP;ERYP;GMP-L;HSC_MPP;MEBEMP-L;MKP;Monocyte;NK/T		local_marker_prior:no_vote	0.95	ITGB2/CD18 is broad leukocyte-associated; no strict lineage prior support.	B;CLP;Monocyte	CLP;Monocyte;NK/T	CLP;Monocyte			0	3	3	FALSE	FALSE	
mAOC419	mAOC-CD11a	gene	ITGAL	RNA	ITGAL	Adult_cHSPCs_Ultima_majority_voting	B;CLP;ERYP;GMP-L;HSC_MPP;MEBEMP-L;MKP;Monocyte;NK/T	Monocyte;NK/T	local_marker_prior	0.95	CD11a/ITGAL is leukocyte adhesion-associated.	B;CLP;Monocyte	CLP;GMP-L;NK/T	CLP	Monocyte	NK/T	2	3	3	FALSE	FALSE	
mAOC421	mAOC-CD37	gene	CD37	RNA	CD37	Adult_cHSPCs_Ultima_majority_voting	B;CLP;ERYP;GMP-L;HSC_MPP;MEBEMP-L;MKP;Monocyte;NK/T	B	local_marker_prior	0.95	CD37 is enriched on B cells.	B;Monocyte;NK/T	B;CLP;NK/T	B;NK/T	B	B	1	3	3	FALSE	FALSE	
mAOC422	mAOC-CD26	gene	DPP4	RNA	DPP4	Adult_cHSPCs_Ultima_majority_voting	B;CLP;ERYP;GMP-L;HSC_MPP;MEBEMP-L;MKP;Monocyte;NK/T	NK/T	local_marker_prior	0.95	CD26/DPP4 is common in activated T cells.	CLP;Monocyte;NK/T	CLP;MKP;NK/T	CLP;NK/T	NK/T	NK/T	1	3	3	FALSE	FALSE	
mAOC423	mAOC-CD39	gene	ENTPD1	RNA	ENTPD1	Adult_cHSPCs_Ultima_majority_voting	B;CLP;ERYP;GMP-L;HSC_MPP;MEBEMP-L;MKP;Monocyte;NK/T		local_marker_prior:no_vote	0.95	ENTPD1/CD39 is regulatory/activation-associated; no strict lineage prior support.	MKP;Monocyte;NK/T	B;CLP;Monocyte	Monocyte			0	3	3	FALSE	FALSE	
mAOC426	mAOC-CD172a	gene	SIRPA	RNA	SIRPA	Adult_cHSPCs_Ultima_majority_voting	B;CLP;ERYP;GMP-L;HSC_MPP;MEBEMP-L;MKP;Monocyte;NK/T	Monocyte	local_marker_prior	0.95	SIRPA/CD172a supports monocyte/DC/myeloid context; remove GMP-L direct prior support.	CLP;Monocyte;NK/T	B;GMP-L;Monocyte	Monocyte	Monocyte	Monocyte	1	3	3	FALSE	FALSE	
